# Created by Octave 4.0.1-rc1, Mon Mar 27 05:44:07 2017 UTC <unknown@oo-back-cluster-as5ef56f41>
# name: Ib
# type: matrix
# rows: 228
# columns: 1
 2.36e-31
 1.63e-11
 2.84e-11
 3.62e-11
 3.98e-11
 3.91e-11
 3.42e-11
 2.5e-11
 2.5e-11
 2.5e-11
 2.5e-11
 2.51e-11
 2.51e-11
 2.51e-11
 2.51e-11
 2.52e-11
 2.52e-11
 2.52e-11
 2.53e-11
 2.53e-11
 2.53e-11
 2.54e-11
 2.54e-11
 2.55e-11
 2.56e-11
 2.56e-11
 2.57e-11
 2.58e-11
 2.6e-11
 2.61e-11
 2.62e-11
 2.63e-11
 2.66e-11
 2.69e-11
 2.73e-11
 2.78e-11
 2.84e-11
 2.91e-11
 2.96e-11
 3.03e-11
 3.12e-11
 3.23e-11
 3.36e-11
 3.51e-11
 3.68e-11
 3.82e-11
 3.99e-11
 4.18e-11
 4.41e-11
 4.67e-11
 4.95e-11
 5.27e-11
 5.59e-11
 5.93e-11
 6.27e-11
 6.630000000000001e-11
 6.99e-11
 7.37e-11
 7.76e-11
 7.83e-11
 7.889999999999999e-11
 7.92e-11
 7.93e-11
 7.92e-11
 7.88e-11
 7.82e-11
 7.72e-11
 7.58e-11
 7.42e-11
 7.25e-11
 7.08e-11
 6.92e-11
 6.790000000000001e-11
 6.69e-11
 6.61e-11
 6.58e-11
 6.57e-11
 6.59e-11
 6.64e-11
 6.790000000000001e-11
 7.110000000000001e-11
 7.35e-11
 7.620000000000001e-11
 7.91e-11
 8.22e-11
 8.559999999999999e-11
 8.92e-11
 9.3e-11
 9.75e-11
 1.02e-10
 1.05e-10
 1.07e-10
 1.1e-10
 1.13e-10
 1.16e-10
 1.19e-10
 1.22e-10
 1.33e-10
 1.41e-10
 1.94e-10
 2.9e-10
 4.3e-10
 6.140000000000001e-10
 8.42e-10
 1.11e-09
 9.81e-10
 1.68e-09
 3.21e-09
 5.57e-09
 8.750000000000001e-09
 1.28e-08
 1.76e-08
 2.1e-08
 2.62e-08
 3.32e-08
 4.2e-08
 5.27e-08
 6.53e-08
 7.970000000000001e-08
 9.150000000000001e-08
 1.07e-07
 1.25e-07
 1.46e-07
 1.71e-07
 1.98e-07
 2.29e-07
 2.57e-07
 2.89e-07
 3.26e-07
 3.69e-07
 4.16e-07
 4.68e-07
 5.26e-07
 5.81e-07
 6.43e-07
 7.14e-07
 7.93e-07
 8.79e-07
 9.739999999999999e-07
 1.08e-06
 1.18e-06
 1.3e-06
 1.44e-06
 1.59e-06
 1.75e-06
 1.93e-06
 2.12e-06
 2.32e-06
 2.55e-06
 2.79e-06
 3.07e-06
 3.36e-06
 3.69e-06
 4.03e-06
 4.51e-06
 5.06e-06
 5.66e-06
 6.34e-06
 7.09e-06
 7.94e-06
 8.89e-06
 9.95e-06
 1.11e-05
 1.25e-05
 1.4e-05
 1.56e-05
 1.75e-05
 1.96e-05
 2.19e-05
 2.45e-05
 2.74e-05
 3.06e-05
 3.43e-05
 3.83e-05
 4.28e-05
 4.79e-05
 5.35e-05
 5.98e-05
 6.669999999999999e-05
 7.449999999999999e-05
 8.32e-05
 9.280000000000001e-05
 0.000103
 0.000114
 0.000126
 0.000139
 0.000153
 0.000169
 0.000186
 0.000204
 0.000227
 0.000253
 0.000282
 0.000314
 0.000349
 0.000387
 0.000428
 0.000491
 0.000564
 0.000647
 0.000738
 0.000839
 0.000949
 0.00107
 0.0013
 0.00156
 0.00185
 0.00217
 0.00251
 0.00288
 0.00328
 0.00387
 0.00449
 0.00513
 0.0058
 0.0065
 0.00723
 0.007979999999999999
 0.009650000000000001
 0.0114
 0.0131
 0.0149
 0.0167
 0.0186
 0.0205
 0.0205
 0.0222
 0.0223


# name: Ib_withRb
# type: matrix
# rows: 278
# columns: 1
 2.45e-10
 2.46e-10
 2.47e-10
 2.48e-10
 2.49e-10
 2.5e-10
 2.51e-10
 2.52e-10
 2.59e-10
 2.66e-10
 2.73e-10
 2.8e-10
 2.88e-10
 3.04e-10
 3.2e-10
 3.47e-10
 3.76e-10
 4.06e-10
 4.38e-10
 4.73e-10
 5.1e-10
 5.51e-10
 5.95e-10
 6.41e-10
 6.86e-10
 7.340000000000001e-10
 7.87e-10
 8.43e-10
 9.03e-10
 9.66e-10
 1.03e-09
 1.12e-09
 1.21e-09
 1.31e-09
 1.42e-09
 1.54e-09
 1.67e-09
 1.8e-09
 1.95e-09
 2.11e-09
 2.29e-09
 2.48e-09
 2.68e-09
 2.91e-09
 3.15e-09
 3.41e-09
 3.69e-09
 3.99e-09
 4.32e-09
 4.68e-09
 5.06e-09
 5.48e-09
 5.93e-09
 6.42e-09
 7.09e-09
 7.850000000000001e-09
 8.71e-09
 9.67e-09
 1.07e-08
 1.19e-08
 1.31e-08
 1.44e-08
 1.59e-08
 1.76e-08
 1.94e-08
 2.15e-08
 2.37e-08
 2.61e-08
 2.86e-08
 3.14e-08
 3.45e-08
 3.8e-08
 4.18e-08
 4.6e-08
 5.04e-08
 5.51e-08
 6.03e-08
 6.61e-08
 7.24e-08
 7.94e-08
 8.68e-08
 9.49e-08
 9.74e-08
 1e-07
 1.03e-07
 1.05e-07
 1.08e-07
 1.11e-07
 1.14e-07
 1.2e-07
 1.23e-07
 1.27e-07
 1.3e-07
 1.34e-07
 1.37e-07
 1.41e-07
 1.45e-07
 1.48e-07
 1.52e-07
 1.56e-07
 1.61e-07
 1.65e-07
 1.69e-07
 1.78e-07
 1.93e-07
 2.03e-07
 2.13e-07
 2.23e-07
 2.35e-07
 2.46e-07
 2.59e-07
 2.71e-07
 2.86e-07
 3.01e-07
 3.09e-07
 3.17e-07
 3.26e-07
 3.34e-07
 3.43e-07
 3.52e-07
 3.62e-07
 3.91e-07
 4.28e-07
 4.7e-07
 5.16e-07
 5.67e-07
 6.22e-07
 6.82e-07
 7.47e-07
 8.2e-07
 9.01e-07
 9.92e-07
 1.09e-06
 1.2e-06
 1.32e-06
 1.44e-06
 1.6e-06
 1.77e-06
 1.97e-06
 2.18e-06
 2.41e-06
 2.66e-06
 2.94e-06
 3.3e-06
 3.7e-06
 4.16e-06
 4.66e-06
 5.21e-06
 5.81e-06
 6.46e-06
 7.47e-06
 8.600000000000001e-06
 9.86e-06
 1.13e-05
 1.28e-05
 1.44e-05
 1.62e-05
 1.74e-05
 1.86e-05
 1.99e-05
 2.13e-05
 2.26e-05
 2.41e-05
 2.56e-05
 2.67e-05
 2.79e-05
 2.92e-05
 3.04e-05
 3.17e-05
 3.3e-05
 3.43e-05
 3.55e-05
 3.66e-05
 3.78e-05
 3.89e-05
 4.01e-05
 4.13e-05
 4.25e-05
 4.3e-05
 4.36e-05
 4.41e-05
 4.47e-05
 4.53e-05
 4.58e-05
 4.64e-05
 4.68e-05
 4.73e-05
 4.78e-05
 4.84e-05
 4.9e-05
 4.96e-05
 5.03e-05
 5.09e-05
 5.22e-05
 5.42e-05
 5.56e-05
 5.7e-05
 5.85e-05
 5.99e-05
 6.13e-05
 6.28e-05
 6.42e-05
 6.62e-05
 6.82e-05
 7.03e-05
 7.23e-05
 7.43e-05
 7.63e-05
 7.830000000000001e-05
 8.04e-05
 8.24e-05
 8.440000000000001e-05
 8.64e-05
 8.839999999999999e-05
 9.05e-05
 9.25e-05
 9.450000000000001e-05
 9.65e-05
 9.86e-05
 0.000101
 0.000103
 0.000105
 0.000107
 0.000109
 0.000111
 0.000113
 0.000115
 0.000117
 0.000119
 0.000121
 0.000123
 0.000125
 0.000127
 0.000129
 0.000131
 0.000132
 0.000134
 0.000136
 0.000138
 0.00014
 0.000142
 0.000144
 0.000146
 0.000148
 0.00015
 0.000153
 0.000155
 0.000158
 0.000161
 0.000164
 0.000167
 0.00017
 0.000173
 0.000176
 0.000181
 0.000186
 0.000191
 0.000196
 0.000201
 0.000206
 0.000211
 0.000219
 0.000226
 0.000233
 0.00024
 0.000247
 0.000254
 0.000261
 0.000276
 0.000291
 0.000306
 0.000321
 0.000336
 0.000351
 0.000366
 0.000367
 0.000381
 0.000381


# name: Ic_Ib100
# type: matrix
# rows: 81
# columns: 1
 -7.04e-06
 -2.83e-06
 1.39e-06
 5.6e-06
 9.819999999999999e-06
 1.4e-05
 1.83e-05
 2.25e-05
 5.01e-05
 7.779999999999999e-05
 0.000133
 0.000189
 0.000274
 0.000358
 0.000439
 0.00052
 0.000602
 0.000683
 0.0007649999999999999
 0.000847
 0.000929
 0.00111
 0.00128
 0.00146
 0.00164
 0.00181
 0.00199
 0.00217
 0.00256
 0.00296
 0.00335
 0.00374
 0.00414
 0.00453
 0.00493
 0.00576
 0.00659
 0.00742
 0.00825
 0.009090000000000001
 0.00992
 0.0108
 0.0114
 0.0121
 0.0128
 0.0135
 0.0142
 0.0149
 0.0156
 0.0159
 0.0161
 0.0164
 0.0167
 0.017
 0.0173
 0.0176
 0.0177
 0.0178
 0.0179
 0.018
 0.0181
 0.0182
 0.0183
 0.0184
 0.0184
 0.0184
 0.0185
 0.0185
 0.0186
 0.0186
 0.0186
 0.0187
 0.0187
 0.0187
 0.0187
 0.0187
 0.0187
 0.0188
 0.0204
 0.0205
 0.0205


# name: Ic_Ib20
# type: matrix
# rows: 60
# columns: 1
 -5.57e-06
 -3.91e-06
 -2.23e-06
 -5.48e-07
 1.15e-06
 2.85e-06
 4.57e-06
 6.29e-06
 1.86e-05
 4.22e-05
 6.660000000000001e-05
 9.15e-05
 0.000117
 0.000143
 0.000169
 0.000222
 0.000276
 0.000358
 0.000421
 0.000485
 0.000548
 0.000612
 0.000676
 0.00074
 0.0008050000000000001
 0.000951
 0.0011
 0.00124
 0.00139
 0.00154
 0.00168
 0.00183
 0.002
 0.00218
 0.00235
 0.00253
 0.0027
 0.00288
 0.00305
 0.00313
 0.00321
 0.00329
 0.00337
 0.00345
 0.00353
 0.00361
 0.00369
 0.00377
 0.00381
 0.00384
 0.00386
 0.00388
 0.0039
 0.00391
 0.00392
 0.00393
 0.00393
 0.00489
 0.00491
 0.00491


# name: Ic_Ib40
# type: matrix
# rows: 71
# columns: 1
 -6.41e-06
 -2.56e-06
 1.29e-06
 5.16e-06
 9.04e-06
 1.29e-05
 1.69e-05
 2.08e-05
 4.66e-05
 7.26e-05
 9.899999999999999e-05
 0.000126
 0.000153
 0.000207
 0.000262
 0.000344
 0.000428
 0.000508
 0.000589
 0.000669
 0.00075
 0.000831
 0.000913
 0.0009940000000000001
 0.00117
 0.00135
 0.00153
 0.00171
 0.0019
 0.00208
 0.00226
 0.00262
 0.00298
 0.00333
 0.00369
 0.00405
 0.00441
 0.00477
 0.00503
 0.00529
 0.00555
 0.00581
 0.00607
 0.00633
 0.00658
 0.00669
 0.0068
 0.0069
 0.00701
 0.00711
 0.00721
 0.00732
 0.00736
 0.0074
 0.00745
 0.00749
 0.00753
 0.00757
 0.00761
 0.00766
 0.00768
 0.0077
 0.00772
 0.00774
 0.00775
 0.00776
 0.00776
 0.00777
 0.009310000000000001
 0.009350000000000001
 0.009350000000000001


# name: Ic_Ib60
# type: matrix
# rows: 76
# columns: 1
 -6.74e-06
 -2.7e-06
 1.35e-06
 5.4e-06
 9.459999999999999e-06
 1.35e-05
 1.76e-05
 2.17e-05
 4.84e-05
 7.53e-05
 0.000102
 0.00013
 0.000184
 0.00024
 0.000323
 0.000407
 0.000488
 0.000569
 0.0006489999999999999
 0.000731
 0.000812
 0.000893
 0.000975
 0.00115
 0.00133
 0.0015
 0.00168
 0.00186
 0.00204
 0.00221
 0.00261
 0.00302
 0.00342
 0.00382
 0.00422
 0.00462
 0.00502
 0.00556
 0.00609
 0.00662
 0.00715
 0.00768
 0.00821
 0.00874
 0.00898
 0.00923
 0.009480000000000001
 0.009730000000000001
 0.00997
 0.0102
 0.0105
 0.0106
 0.0107
 0.0108
 0.0109
 0.0109
 0.011
 0.0111
 0.0112
 0.0112
 0.0112
 0.0113
 0.0113
 0.0113
 0.0114
 0.0114
 0.0114
 0.0115
 0.0115
 0.0115
 0.0115
 0.0115
 0.0115
 0.0133
 0.0134
 0.0134


# name: Ic_Ib80
# type: matrix
# rows: 77
# columns: 1
 -6.92e-06
 -2.78e-06
 1.37e-06
 5.53e-06
 9.68e-06
 1.38e-05
 1.8e-05
 2.22e-05
 4.94e-05
 7.68e-05
 0.000104
 0.00016
 0.000215
 0.000299
 0.000384
 0.000464
 0.000545
 0.000626
 0.000708
 0.000789
 0.000871
 0.000953
 0.00113
 0.00131
 0.00148
 0.00166
 0.00184
 0.00201
 0.00219
 0.00259
 0.00299
 0.00338
 0.00378
 0.00418
 0.00458
 0.00498
 0.00571
 0.00644
 0.00717
 0.007900000000000001
 0.008630000000000001
 0.00936
 0.0101
 0.0105
 0.011
 0.0114
 0.0119
 0.0123
 0.0128
 0.0132
 0.0134
 0.0136
 0.0137
 0.0139
 0.0141
 0.0143
 0.0145
 0.0145
 0.0146
 0.0147
 0.0147
 0.0148
 0.0149
 0.0149
 0.015
 0.0151
 0.0151
 0.0151
 0.0151
 0.0151
 0.0151
 0.0152
 0.0152
 0.0152
 0.017
 0.0171
 0.0171


# name: Ic_withRb
# type: matrix
# rows: 278
# columns: 1
 2.49e-08
 2.5e-08
 2.51e-08
 2.52e-08
 2.53e-08
 2.54e-08
 2.55e-08
 2.56e-08
 2.63e-08
 2.7e-08
 2.77e-08
 2.84e-08
 2.92e-08
 3.08e-08
 3.24e-08
 3.51e-08
 3.8e-08
 4.1e-08
 4.42e-08
 4.77e-08
 5.14e-08
 5.55e-08
 5.99e-08
 6.45e-08
 6.9e-08
 7.38e-08
 7.91e-08
 8.47e-08
 9.07e-08
 9.7e-08
 1.04e-07
 1.12e-07
 1.22e-07
 1.32e-07
 1.43e-07
 1.54e-07
 1.67e-07
 1.81e-07
 1.96e-07
 2.12e-07
 2.29e-07
 2.48e-07
 2.69e-07
 2.91e-07
 3.15e-07
 3.41e-07
 3.69e-07
 3.99e-07
 4.32e-07
 4.68e-07
 5.07e-07
 5.49e-07
 5.940000000000001e-07
 6.43e-07
 7.09e-07
 7.86e-07
 8.72e-07
 9.67e-07
 1.07e-06
 1.19e-06
 1.31e-06
 1.44e-06
 1.59e-06
 1.76e-06
 1.94e-06
 2.15e-06
 2.37e-06
 2.61e-06
 2.86e-06
 3.14e-06
 3.46e-06
 3.8e-06
 4.18e-06
 4.6e-06
 5.04e-06
 5.51e-06
 6.03e-06
 6.61e-06
 7.24e-06
 7.94e-06
 8.69e-06
 9.490000000000001e-06
 9.74e-06
 1e-05
 1.03e-05
 1.05e-05
 1.08e-05
 1.11e-05
 1.14e-05
 1.2e-05
 1.23e-05
 1.27e-05
 1.3e-05
 1.34e-05
 1.37e-05
 1.41e-05
 1.45e-05
 1.48e-05
 1.52e-05
 1.56e-05
 1.61e-05
 1.65e-05
 1.69e-05
 1.78e-05
 1.93e-05
 2.03e-05
 2.13e-05
 2.23e-05
 2.35e-05
 2.46e-05
 2.59e-05
 2.71e-05
 2.86e-05
 3.01e-05
 3.09e-05
 3.17e-05
 3.26e-05
 3.34e-05
 3.43e-05
 3.52e-05
 3.62e-05
 3.91e-05
 4.28e-05
 4.7e-05
 5.16e-05
 5.67e-05
 6.219999999999999e-05
 6.82e-05
 7.47e-05
 8.2e-05
 9.009999999999999e-05
 9.92e-05
 0.000109
 0.00012
 0.000132
 0.000144
 0.00016
 0.000177
 0.000197
 0.000218
 0.000241
 0.000266
 0.000294
 0.00033
 0.00037
 0.000416
 0.000466
 0.000521
 0.000581
 0.000646
 0.0007470000000000001
 0.00086
 0.0009859999999999999
 0.00113
 0.00128
 0.00144
 0.00162
 0.00174
 0.00186
 0.00199
 0.00213
 0.00226
 0.00241
 0.00256
 0.00267
 0.00279
 0.00292
 0.00304
 0.00317
 0.0033
 0.00343
 0.00355
 0.00366
 0.00378
 0.00389
 0.00401
 0.00413
 0.00425
 0.0043
 0.00436
 0.00441
 0.00447
 0.00453
 0.00458
 0.00464
 0.00468
 0.00472
 0.00475
 0.00477
 0.00478
 0.00479
 0.0048
 0.00481
 0.00482
 0.00483
 0.00483
 0.00484
 0.00484
 0.00484
 0.00485
 0.00485
 0.00485
 0.00485
 0.00486
 0.00486
 0.00486
 0.00486
 0.00487
 0.00487
 0.00487
 0.00487
 0.00487
 0.00487
 0.00487
 0.00488
 0.00488
 0.00488
 0.00488
 0.00488
 0.00488
 0.00488
 0.00488
 0.00488
 0.00489
 0.00489
 0.00489
 0.00489
 0.00489
 0.00489
 0.00489
 0.00489
 0.00489
 0.00489
 0.00489
 0.00489
 0.00489
 0.00489
 0.00489
 0.00489
 0.0049
 0.0049
 0.0049
 0.0049
 0.0049
 0.0049
 0.0049
 0.0049
 0.0049
 0.0049
 0.0049
 0.0049
 0.0049
 0.0049
 0.0049
 0.0049
 0.00491
 0.00491
 0.00491
 0.00491
 0.00491
 0.00491
 0.00491
 0.00491
 0.00491
 0.00491
 0.00491
 0.00492
 0.00492
 0.00492
 0.00492
 0.00492
 0.00492
 0.00492
 0.00492
 0.00493
 0.00493
 0.00493
 0.00493


# name: Vbe
# type: matrix
# rows: 228
# columns: 1
 0
 0.00015
 0.0003
 0.000449
 0.000599
 0.000749
 0.000899
 0.00105
 0.00203
 0.003
 0.00398
 0.00495
 0.00593
 0.00788
 0.00984
 0.0128
 0.0157
 0.0185
 0.0213
 0.0241
 0.0269
 0.0296
 0.0324
 0.0352
 0.0414
 0.0475
 0.0536
 0.0598
 0.0659
 0.0721
 0.07820000000000001
 0.08699999999999999
 0.0958
 0.105
 0.113
 0.122
 0.131
 0.14
 0.145
 0.15
 0.156
 0.161
 0.166
 0.172
 0.177
 0.18
 0.184
 0.188
 0.191
 0.195
 0.199
 0.202
 0.205
 0.208
 0.211
 0.214
 0.217
 0.22
 0.223
 0.224
 0.224
 0.225
 0.226
 0.227
 0.228
 0.229
 0.23
 0.231
 0.232
 0.232
 0.233
 0.234
 0.235
 0.236
 0.237
 0.238
 0.239
 0.24
 0.241
 0.243
 0.246
 0.248
 0.25
 0.252
 0.253
 0.255
 0.257
 0.259
 0.261
 0.263
 0.264
 0.265
 0.266
 0.267
 0.268
 0.269
 0.27
 0.273
 0.281
 0.29
 0.299
 0.308
 0.317
 0.326
 0.335
 0.345
 0.356
 0.366
 0.376
 0.387
 0.397
 0.407
 0.413
 0.418
 0.424
 0.43
 0.435
 0.441
 0.446
 0.45
 0.454
 0.458
 0.462
 0.466
 0.47
 0.474
 0.477
 0.48
 0.483
 0.486
 0.489
 0.492
 0.495
 0.498
 0.5
 0.503
 0.506
 0.508
 0.511
 0.514
 0.516
 0.519
 0.521
 0.524
 0.526
 0.529
 0.531
 0.534
 0.536
 0.538
 0.541
 0.543
 0.546
 0.548
 0.551
 0.554
 0.5570000000000001
 0.5600000000000001
 0.5629999999999999
 0.5659999999999999
 0.5679999999999999
 0.571
 0.574
 0.577
 0.58
 0.583
 0.586
 0.589
 0.592
 0.595
 0.598
 0.601
 0.604
 0.607
 0.609
 0.612
 0.615
 0.618
 0.621
 0.624
 0.627
 0.63
 0.633
 0.636
 0.638
 0.641
 0.643
 0.646
 0.649
 0.651
 0.655
 0.658
 0.661
 0.664
 0.667
 0.67
 0.673
 0.677
 0.6820000000000001
 0.6860000000000001
 0.6899999999999999
 0.695
 0.699
 0.703
 0.711
 0.718
 0.725
 0.733
 0.74
 0.748
 0.755
 0.765
 0.775
 0.786
 0.796
 0.806
 0.8159999999999999
 0.826
 0.848
 0.87
 0.892
 0.913
 0.9350000000000001
 0.957
 0.979
 0.98
 0.999
 1


# name: Vbe_withRb
# type: matrix
# rows: 278
# columns: 1
 0.5
 0.5
 0.5
 0.5
 0.5
 0.501
 0.501
 0.501
 0.501
 0.502
 0.503
 0.503
 0.504
 0.506
 0.507
 0.509
 0.511
 0.513
 0.515
 0.517
 0.519
 0.521
 0.523
 0.525
 0.526
 0.528
 0.53
 0.532
 0.533
 0.535
 0.537
 0.539
 0.541
 0.543
 0.545
 0.547
 0.549
 0.551
 0.553
 0.555
 0.5570000000000001
 0.5600000000000001
 0.5620000000000001
 0.5639999999999999
 0.5659999999999999
 0.5679999999999999
 0.57
 0.572
 0.574
 0.576
 0.578
 0.58
 0.582
 0.584
 0.587
 0.589
 0.592
 0.595
 0.597
 0.6
 0.603
 0.605
 0.608
 0.61
 0.613
 0.615
 0.618
 0.62
 0.623
 0.625
 0.628
 0.63
 0.633
 0.635
 0.637
 0.64
 0.642
 0.644
 0.647
 0.649
 0.651
 0.654
 0.654
 0.655
 0.656
 0.656
 0.657
 0.658
 0.659
 0.66
 0.661
 0.661
 0.662
 0.663
 0.663
 0.664
 0.665
 0.665
 0.666
 0.667
 0.667
 0.668
 0.669
 0.67
 0.672
 0.673
 0.675
 0.676
 0.677
 0.678
 0.68
 0.681
 0.6820000000000001
 0.6840000000000001
 0.6840000000000001
 0.6850000000000001
 0.6860000000000001
 0.6860000000000001
 0.6870000000000001
 0.6879999999999999
 0.6879999999999999
 0.6899999999999999
 0.6929999999999999
 0.695
 0.698
 0.7
 0.702
 0.705
 0.707
 0.71
 0.712
 0.714
 0.717
 0.719
 0.722
 0.724
 0.727
 0.73
 0.732
 0.735
 0.737
 0.74
 0.743
 0.746
 0.749
 0.752
 0.754
 0.757
 0.76
 0.763
 0.767
 0.77
 0.774
 0.777
 0.781
 0.784
 0.787
 0.789
 0.79
 0.792
 0.794
 0.795
 0.797
 0.799
 0.8
 0.801
 0.802
 0.803
 0.804
 0.805
 0.806
 0.8070000000000001
 0.8080000000000001
 0.8090000000000001
 0.8090000000000001
 0.8100000000000001
 0.8110000000000001
 0.8120000000000001
 0.8120000000000001
 0.8120000000000001
 0.8129999999999999
 0.8129999999999999
 0.8129999999999999
 0.8139999999999999
 0.8139999999999999
 0.8139999999999999
 0.8139999999999999
 0.8149999999999999
 0.8149999999999999
 0.8149999999999999
 0.8149999999999999
 0.8149999999999999
 0.8149999999999999
 0.8149999999999999
 0.8149999999999999
 0.8149999999999999
 0.8149999999999999
 0.8149999999999999
 0.8149999999999999
 0.8149999999999999
 0.8149999999999999
 0.8149999999999999
 0.8149999999999999
 0.8149999999999999
 0.8149999999999999
 0.8149999999999999
 0.8149999999999999
 0.8149999999999999
 0.8149999999999999
 0.8149999999999999
 0.8159999999999999
 0.8159999999999999
 0.8159999999999999
 0.8159999999999999
 0.8159999999999999
 0.8159999999999999
 0.8159999999999999
 0.8159999999999999
 0.8159999999999999
 0.8159999999999999
 0.8159999999999999
 0.8159999999999999
 0.8159999999999999
 0.8159999999999999
 0.8159999999999999
 0.8159999999999999
 0.8159999999999999
 0.8159999999999999
 0.8159999999999999
 0.8159999999999999
 0.8159999999999999
 0.8159999999999999
 0.8159999999999999
 0.8159999999999999
 0.8159999999999999
 0.8159999999999999
 0.8159999999999999
 0.8159999999999999
 0.8159999999999999
 0.8159999999999999
 0.8159999999999999
 0.8159999999999999
 0.8159999999999999
 0.8159999999999999
 0.8159999999999999
 0.8159999999999999
 0.8159999999999999
 0.8159999999999999
 0.8159999999999999
 0.8169999999999999
 0.8169999999999999
 0.8169999999999999
 0.8169999999999999
 0.8169999999999999
 0.8169999999999999
 0.8169999999999999
 0.8169999999999999
 0.8169999999999999
 0.8169999999999999
 0.8169999999999999
 0.8169999999999999
 0.8169999999999999
 0.8169999999999999
 0.8169999999999999
 0.8169999999999999
 0.8169999999999999
 0.8169999999999999
 0.8179999999999999
 0.8179999999999999
 0.8179999999999999
 0.8179999999999999
 0.8179999999999999
 0.8179999999999999
 0.8179999999999999
 0.819
 0.819
 0.819
 0.819


# name: Vce_Ib100
# type: matrix
# rows: 81
# columns: 1
 0.00704
 0.00732
 0.0076
 0.00788
 0.008149999999999999
 0.00843
 0.00869
 0.008959999999999999
 0.0106
 0.0123
 0.0152
 0.0179
 0.0215
 0.0248
 0.0275
 0.0301
 0.0324
 0.0347
 0.0368
 0.0387
 0.0404
 0.0439
 0.0471
 0.0501
 0.0529
 0.0555
 0.0579
 0.06
 0.0643
 0.0684
 0.0723
 0.07580000000000001
 0.0791
 0.0822
 0.08500000000000001
 0.0905
 0.096
 0.101
 0.106
 0.112
 0.116
 0.121
 0.125
 0.13
 0.134
 0.139
 0.145
 0.151
 0.157
 0.16
 0.163
 0.167
 0.171
 0.176
 0.181
 0.187
 0.19
 0.193
 0.196
 0.2
 0.205
 0.211
 0.216
 0.219
 0.222
 0.226
 0.23
 0.234
 0.24
 0.245
 0.257
 0.264
 0.273
 0.284
 0.298
 0.316
 0.336
 0.382
 9.01
 9.5
 9.529999999999999


# name: Vce_Ib20
# type: matrix
# rows: 60
# columns: 1
 0.00557
 0.00615
 0.00673
 0.00729
 0.00784
 0.00838
 0.00891
 0.009429999999999999
 0.0129
 0.0185
 0.0235
 0.0278
 0.0316
 0.035
 0.0381
 0.0435
 0.0482
 0.0542
 0.058
 0.0616
 0.065
 0.06809999999999999
 0.07099999999999999
 0.0737
 0.0761
 0.08110000000000001
 0.0859
 0.0906
 0.0949
 0.09909999999999999
 0.103
 0.107
 0.111
 0.116
 0.121
 0.126
 0.131
 0.137
 0.143
 0.146
 0.149
 0.153
 0.157
 0.162
 0.168
 0.173
 0.181
 0.192
 0.202
 0.208
 0.215
 0.224
 0.236
 0.251
 0.27
 0.293
 0.346
 24.5
 25.1
 25.1


# name: Vce_Ib40
# type: matrix
# rows: 71
# columns: 1
 0.00641
 0.00706
 0.0077
 0.008319999999999999
 0.00893
 0.00953
 0.0101
 0.0107
 0.0142
 0.0174
 0.0203
 0.023
 0.0254
 0.0298
 0.0336
 0.0386
 0.0429
 0.0464
 0.0497
 0.0528
 0.0556
 0.0582
 0.0606
 0.06270000000000001
 0.06710000000000001
 0.0712
 0.0751
 0.07870000000000001
 0.082
 0.0851
 0.08790000000000001
 0.09320000000000001
 0.0984
 0.104
 0.109
 0.114
 0.119
 0.123
 0.127
 0.131
 0.135
 0.14
 0.145
 0.151
 0.157
 0.159
 0.162
 0.166
 0.17
 0.175
 0.18
 0.185
 0.188
 0.191
 0.194
 0.198
 0.203
 0.208
 0.214
 0.225
 0.231
 0.239
 0.25
 0.263
 0.279
 0.3
 0.324
 0.403
 20.1
 20.6
 20.6


# name: Vce_Ib60
# type: matrix
# rows: 76
# columns: 1
 0.00674
 0.00719
 0.00764
 0.00808
 0.00852
 0.00894
 0.00936
 0.009769999999999999
 0.0123
 0.0147
 0.017
 0.019
 0.0228
 0.0261
 0.0305
 0.0344
 0.0375
 0.0405
 0.0433
 0.0458
 0.0482
 0.0504
 0.0523
 0.0562
 0.0599
 0.06320000000000001
 0.0664
 0.0693
 0.07199999999999999
 0.07439999999999999
 0.0794
 0.0843
 0.0888
 0.09320000000000001
 0.0973
 0.101
 0.105
 0.11
 0.115
 0.12
 0.125
 0.131
 0.137
 0.143
 0.146
 0.149
 0.153
 0.157
 0.162
 0.168
 0.174
 0.176
 0.179
 0.183
 0.187
 0.192
 0.197
 0.203
 0.205
 0.208
 0.212
 0.216
 0.22
 0.225
 0.231
 0.243
 0.251
 0.261
 0.273
 0.289
 0.309
 0.332
 0.408
 16.1
 16.6
 16.6


# name: Vce_Ib80
# type: matrix
# rows: 77
# columns: 1
 0.00692
 0.00727
 0.00762
 0.00796
 0.00829
 0.008619999999999999
 0.00895
 0.00927
 0.0113
 0.0132
 0.015
 0.0183
 0.0213
 0.0253
 0.0288
 0.0317
 0.0344
 0.037
 0.0394
 0.0416
 0.0436
 0.0455
 0.0491
 0.0525
 0.0557
 0.0586
 0.0613
 0.0638
 0.06610000000000001
 0.0707
 0.075
 0.07920000000000001
 0.083
 0.0866
 0.08989999999999999
 0.093
 0.0984
 0.104
 0.109
 0.115
 0.12
 0.126
 0.131
 0.135
 0.138
 0.143
 0.147
 0.153
 0.158
 0.164
 0.167
 0.17
 0.174
 0.178
 0.183
 0.188
 0.194
 0.196
 0.2
 0.203
 0.208
 0.212
 0.218
 0.224
 0.235
 0.245
 0.251
 0.259
 0.269
 0.281
 0.296
 0.315
 0.337
 0.41
 12.4
 12.9
 12.9


# name: Vce_withRb
# type: matrix
# rows: 278
# columns: 1
 5
 5
 5
 5
 5
 5
 5
 5
 5
 5
 5
 5
 5
 5
 5
 5
 5
 5
 5
 5
 5
 5
 5
 5
 5
 5
 5
 5
 5
 5
 5
 5
 5
 5
 5
 5
 5
 5
 5
 5
 5
 5
 5
 5
 5
 5
 5
 5
 5
 5
 5
 5
 5
 5
 5
 5
 5
 5
 5
 5
 5
 5
 5
 5
 5
 5
 5
 5
 5
 5
 5
 5
 5
 5
 4.99
 4.99
 4.99
 4.99
 4.99
 4.99
 4.99
 4.99
 4.99
 4.99
 4.99
 4.99
 4.99
 4.99
 4.99
 4.99
 4.99
 4.99
 4.99
 4.99
 4.99
 4.99
 4.99
 4.99
 4.98
 4.98
 4.98
 4.98
 4.98
 4.98
 4.98
 4.98
 4.98
 4.98
 4.98
 4.98
 4.97
 4.97
 4.97
 4.97
 4.97
 4.97
 4.97
 4.97
 4.97
 4.96
 4.96
 4.96
 4.96
 4.95
 4.95
 4.94
 4.94
 4.93
 4.93
 4.92
 4.91
 4.9
 4.89
 4.88
 4.87
 4.86
 4.84
 4.82
 4.8
 4.78
 4.76
 4.73
 4.71
 4.67
 4.63
 4.58
 4.53
 4.48
 4.42
 4.35
 4.25
 4.14
 4.01
 3.87
 3.72
 3.56
 3.38
 3.26
 3.14
 3.01
 2.87
 2.74
 2.59
 2.44
 2.33
 2.21
 2.08
 1.96
 1.83
 1.7
 1.57
 1.45
 1.34
 1.22
 1.11
 0.99
 0.871
 0.75
 0.695
 0.64
 0.585
 0.53
 0.474
 0.418
 0.362
 0.32
 0.282
 0.252
 0.231
 0.217
 0.207
 0.199
 0.193
 0.184
 0.174
 0.169
 0.164
 0.16
 0.157
 0.154
 0.151
 0.149
 0.146
 0.143
 0.141
 0.139
 0.136
 0.135
 0.133
 0.131
 0.13
 0.128
 0.127
 0.125
 0.124
 0.123
 0.122
 0.121
 0.12
 0.119
 0.118
 0.117
 0.116
 0.115
 0.114
 0.113
 0.113
 0.112
 0.111
 0.11
 0.11
 0.109
 0.108
 0.108
 0.107
 0.107
 0.106
 0.106
 0.105
 0.105
 0.104
 0.103
 0.103
 0.102
 0.102
 0.101
 0.101
 0.1
 0.09950000000000001
 0.0988
 0.0982
 0.09760000000000001
 0.097
 0.0964
 0.0954
 0.0945
 0.0936
 0.0927
 0.0919
 0.0911
 0.09030000000000001
 0.0893
 0.0883
 0.08740000000000001
 0.08649999999999999
 0.0856
 0.0848
 0.08400000000000001
 0.0824
 0.0808
 0.0794
 0.0781
 0.07679999999999999
 0.0756
 0.0745
 0.0745
 0.0735
 0.0735


# name: Vin_withRb
# type: matrix
# rows: 278
# columns: 1
 0.5
 0.5
 0.5
 0.5
 0.5
 0.501
 0.501
 0.501
 0.501
 0.502
 0.503
 0.503
 0.504
 0.506
 0.507
 0.509
 0.511
 0.513
 0.515
 0.517
 0.519
 0.521
 0.523
 0.525
 0.526
 0.528
 0.53
 0.532
 0.533
 0.535
 0.537
 0.539
 0.541
 0.543
 0.545
 0.547
 0.549
 0.551
 0.553
 0.555
 0.5570000000000001
 0.5600000000000001
 0.5620000000000001
 0.5639999999999999
 0.5659999999999999
 0.5679999999999999
 0.57
 0.572
 0.574
 0.576
 0.578
 0.58
 0.582
 0.584
 0.587
 0.589
 0.592
 0.595
 0.597
 0.6
 0.603
 0.605
 0.608
 0.61
 0.613
 0.615
 0.618
 0.62
 0.623
 0.625
 0.628
 0.63
 0.633
 0.635
 0.637
 0.64
 0.642
 0.644
 0.647
 0.649
 0.652
 0.654
 0.655
 0.655
 0.656
 0.657
 0.657
 0.658
 0.659
 0.66
 0.661
 0.661
 0.662
 0.663
 0.663
 0.664
 0.665
 0.665
 0.666
 0.667
 0.668
 0.668
 0.669
 0.67
 0.672
 0.674
 0.675
 0.676
 0.677
 0.679
 0.68
 0.681
 0.6830000000000001
 0.6840000000000001
 0.6850000000000001
 0.6850000000000001
 0.6860000000000001
 0.6870000000000001
 0.6870000000000001
 0.6879999999999999
 0.6889999999999999
 0.6909999999999999
 0.6929999999999999
 0.696
 0.698
 0.701
 0.703
 0.705
 0.708
 0.71
 0.713
 0.715
 0.718
 0.721
 0.723
 0.726
 0.728
 0.731
 0.734
 0.737
 0.74
 0.743
 0.745
 0.749
 0.752
 0.756
 0.759
 0.763
 0.766
 0.769
 0.774
 0.779
 0.784
 0.789
 0.793
 0.798
 0.803
 0.806
 0.8090000000000001
 0.8120000000000001
 0.8149999999999999
 0.8179999999999999
 0.821
 0.824
 0.826
 0.829
 0.831
 0.833
 0.836
 0.838
 0.84
 0.842
 0.844
 0.846
 0.848
 0.85
 0.852
 0.854
 0.855
 0.856
 0.857
 0.858
 0.859
 0.859
 0.86
 0.861
 0.862
 0.862
 0.863
 0.864
 0.864
 0.865
 0.866
 0.867
 0.869
 0.871
 0.872
 0.874
 0.875
 0.877
 0.878
 0.879
 0.881
 0.884
 0.886
 0.888
 0.89
 0.892
 0.894
 0.896
 0.898
 0.9
 0.902
 0.904
 0.906
 0.908
 0.91
 0.912
 0.914
 0.916
 0.918
 0.92
 0.923
 0.925
 0.927
 0.929
 0.931
 0.9330000000000001
 0.9350000000000001
 0.9370000000000001
 0.9389999999999999
 0.9409999999999999
 0.9429999999999999
 0.945
 0.947
 0.949
 0.95
 0.952
 0.954
 0.956
 0.958
 0.96
 0.962
 0.965
 0.967
 0.969
 0.971
 0.974
 0.977
 0.98
 0.983
 0.986
 0.989
 0.992
 0.997
 1
 1.01
 1.01
 1.02
 1.02
 1.03
 1.04
 1.04
 1.05
 1.06
 1.06
 1.07
 1.08
 1.09
 1.11
 1.12
 1.14
 1.15
 1.17
 1.19
 1.19
 1.2
 1.2


# name: ans
# type: cell
# rows: 1
# columns: 77
# name: <cell-element>
# type: sq_string
# elements: 1
# length: 9
Algorithm



# name: <cell-element>
# type: sq_string
# elements: 1
# length: 11
AutoScaling



# name: <cell-element>
# type: sq_string
# elements: 1
# length: 28
complex_step_derivative_equc



# name: <cell-element>
# type: sq_string
# elements: 1
# length: 25
complex_step_derivative_f



# name: <cell-element>
# type: sq_string
# elements: 1
# length: 30
complex_step_derivative_inequc



# name: <cell-element>
# type: sq_string
# elements: 1
# length: 28
complex_step_derivative_objf



# name: <cell-element>
# type: sq_string
# elements: 1
# length: 10
ComplexEqn



# name: <cell-element>
# type: sq_string
# elements: 1
# length: 4
covd



# name: <cell-element>
# type: sq_string
# elements: 1
# length: 4
cpiv



# name: <cell-element>
# type: sq_string
# elements: 1
# length: 5
cstep



# name: <cell-element>
# type: sq_string
# elements: 1
# length: 5
debug



# name: <cell-element>
# type: sq_string
# elements: 1
# length: 11
df_equc_idx



# name: <cell-element>
# type: sq_string
# elements: 1
# length: 15
df_equc_pstruct



# name: <cell-element>
# type: sq_string
# elements: 1
# length: 13
df_inequc_idx



# name: <cell-element>
# type: sq_string
# elements: 1
# length: 17
df_inequc_pstruct



# name: <cell-element>
# type: sq_string
# elements: 1
# length: 10
df_pstruct



# name: <cell-element>
# type: sq_string
# elements: 1
# length: 4
dfdp



# name: <cell-element>
# type: sq_string
# elements: 1
# length: 13
diff_onesided



# name: <cell-element>
# type: sq_string
# elements: 1
# length: 5
diffp



# name: <cell-element>
# type: sq_string
# elements: 1
# length: 7
Display



# name: <cell-element>
# type: sq_string
# elements: 1
# length: 4
equc



# name: <cell-element>
# type: sq_string
# elements: 1
# length: 10
f_equc_idx



# name: <cell-element>
# type: sq_string
# elements: 1
# length: 14
f_equc_pstruct



# name: <cell-element>
# type: sq_string
# elements: 1
# length: 12
f_inequc_idx



# name: <cell-element>
# type: sq_string
# elements: 1
# length: 16
f_inequc_pstruct



# name: <cell-element>
# type: sq_string
# elements: 1
# length: 9
f_pstruct



# name: <cell-element>
# type: sq_string
# elements: 1
# length: 14
FinDiffRelStep



# name: <cell-element>
# type: sq_string
# elements: 1
# length: 11
FinDiffType



# name: <cell-element>
# type: sq_string
# elements: 1
# length: 5
fixed



# name: <cell-element>
# type: sq_string
# elements: 1
# length: 10
fract_prec



# name: <cell-element>
# type: sq_string
# elements: 1
# length: 11
FunValCheck



# name: <cell-element>
# type: sq_string
# elements: 1
# length: 17
grad_objf_pstruct



# name: <cell-element>
# type: sq_string
# elements: 1
# length: 7
GradObj



# name: <cell-element>
# type: sq_string
# elements: 1
# length: 20
hessian_objf_pstruct



# name: <cell-element>
# type: sq_string
# elements: 1
# length: 6
inequc



# name: <cell-element>
# type: sq_string
# elements: 1
# length: 15
inverse_hessian



# name: <cell-element>
# type: sq_string
# elements: 1
# length: 13
iters_fixed_T



# name: <cell-element>
# type: sq_string
# elements: 1
# length: 8
Jacobian



# name: <cell-element>
# type: sq_string
# elements: 1
# length: 6
lbound



# name: <cell-element>
# type: sq_string
# elements: 1
# length: 21
lm_svd_feasible_alt_s



# name: <cell-element>
# type: sq_string
# elements: 1
# length: 16
max_fract_change



# name: <cell-element>
# type: sq_string
# elements: 1
# length: 13
max_rand_step



# name: <cell-element>
# type: sq_string
# elements: 1
# length: 11
MaxFunEvals



# name: <cell-element>
# type: sq_string
# elements: 1
# length: 7
MaxIter



# name: <cell-element>
# type: sq_string
# elements: 1
# length: 4
mu_T



# name: <cell-element>
# type: sq_string
# elements: 1
# length: 9
objf_grad



# name: <cell-element>
# type: sq_string
# elements: 1
# length: 12
objf_hessian



# name: <cell-element>
# type: sq_string
# elements: 1
# length: 12
objf_pstruct



# name: <cell-element>
# type: sq_string
# elements: 1
# length: 9
objf_type



# name: <cell-element>
# type: sq_string
# elements: 1
# length: 20
octave_sqp_tolerance



# name: <cell-element>
# type: sq_string
# elements: 1
# length: 9
OutputFcn



# name: <cell-element>
# type: sq_string
# elements: 1
# length: 14
parallel_local



# name: <cell-element>
# type: sq_string
# elements: 1
# length: 12
parallel_net



# name: <cell-element>
# type: sq_string
# elements: 1
# length: 12
param_config



# name: <cell-element>
# type: sq_string
# elements: 1
# length: 10
param_dims



# name: <cell-element>
# type: sq_string
# elements: 1
# length: 11
param_order



# name: <cell-element>
# type: sq_string
# elements: 1
# length: 8
plot_cmd



# name: <cell-element>
# type: sq_string
# elements: 1
# length: 13
recover_state



# name: <cell-element>
# type: sq_string
# elements: 1
# length: 9
residuals



# name: <cell-element>
# type: sq_string
# elements: 1
# length: 8
ret_corp



# name: <cell-element>
# type: sq_string
# elements: 1
# length: 8
ret_covd



# name: <cell-element>
# type: sq_string
# elements: 1
# length: 8
ret_covp



# name: <cell-element>
# type: sq_string
# elements: 1
# length: 8
ret_dfdp



# name: <cell-element>
# type: sq_string
# elements: 1
# length: 10
save_state



# name: <cell-element>
# type: sq_string
# elements: 1
# length: 16
SearchDirections



# name: <cell-element>
# type: sq_string
# elements: 1
# length: 9
siman_log



# name: <cell-element>
# type: sq_string
# elements: 1
# length: 19
stoch_regain_constr



# name: <cell-element>
# type: sq_string
# elements: 1
# length: 6
T_init



# name: <cell-element>
# type: sq_string
# elements: 1
# length: 5
T_min



# name: <cell-element>
# type: sq_string
# elements: 1
# length: 6
TolFun



# name: <cell-element>
# type: sq_string
# elements: 1
# length: 4
TolX



# name: <cell-element>
# type: sq_string
# elements: 1
# length: 11
trace_steps



# name: <cell-element>
# type: sq_string
# elements: 1
# length: 8
TypicalX



# name: <cell-element>
# type: sq_string
# elements: 1
# length: 6
ubound



# name: <cell-element>
# type: sq_string
# elements: 1
# length: 8
Updating



# name: <cell-element>
# type: sq_string
# elements: 1
# length: 16
user_interaction



# name: <cell-element>
# type: sq_string
# elements: 1
# length: 7
weights





