time	Vin	Vbe	Ib
0.000000000000000e+000	0.000000e+000	1.399585e-031	-1.399585e-034
7.489828359601756e-005	7.489828e-005	7.488196e-005	1.632531e-011
1.497965671920351e-004	1.497966e-004	1.497682e-004	2.839963e-011
2.246948507880527e-004	2.246949e-004	2.246586e-004	3.622297e-011
2.995931343840702e-004	2.995931e-004	2.995533e-004	3.979532e-011
3.744914179800878e-004	3.744914e-004	3.744523e-004	3.911670e-011
4.493897015761054e-004	4.493897e-004	4.493555e-004	3.418709e-011
5.242879851721227e-004	5.242880e-004	5.242630e-004	2.500650e-011
1.048575970344245e-003	1.048576e-003	1.048551e-003	2.501301e-011
2.025138470344245e-003	2.025139e-003	2.025113e-003	2.502517e-011
3.001700970344245e-003	3.001701e-003	3.001676e-003	2.503735e-011
3.978263470344245e-003	3.978264e-003	3.978238e-003	2.504957e-011
4.954825970344245e-003	4.954826e-003	4.954801e-003	2.506183e-011
5.931388470344245e-003	5.931389e-003	5.931363e-003	2.507412e-011
6.907950970344245e-003	6.907951e-003	6.907926e-003	2.508645e-011
7.884513470344245e-003	7.884514e-003	7.884488e-003	2.509882e-011
9.837638470344245e-003	9.837639e-003	9.837613e-003	2.512366e-011
1.179076347034425e-002	1.179076e-002	1.179074e-002	2.514867e-011
1.472045097034425e-002	1.472045e-002	1.472043e-002	2.518650e-011
1.709210275605853e-002	1.709210e-002	1.709208e-002	2.521737e-011
1.946375454177282e-002	1.946375e-002	1.946373e-002	2.524857e-011
2.183540632748711e-002	2.183541e-002	2.183538e-002	2.528009e-011
2.420705811320139e-002	2.420706e-002	2.420703e-002	2.531194e-011
2.657870989891568e-002	2.657871e-002	2.657868e-002	2.534412e-011
2.895036168462997e-002	2.895036e-002	2.895034e-002	2.537662e-011
3.132201347034425e-002	3.132201e-002	3.132199e-002	2.540945e-011
3.592580811320139e-002	3.592581e-002	3.592578e-002	2.547359e-011
4.052960275605853e-002	4.052960e-002	4.052958e-002	2.554027e-011
4.513339739891568e-002	4.513340e-002	4.513337e-002	2.560951e-011
4.973719204177282e-002	4.973719e-002	4.973717e-002	2.568129e-011
5.434098668462997e-002	5.434099e-002	5.434096e-002	2.575562e-011
5.894478132748712e-002	5.894478e-002	5.894476e-002	2.583250e-011
6.354857597034425e-002	6.354857e-002	6.354855e-002	2.591192e-011
6.661777239891567e-002	6.661777e-002	6.661775e-002	2.596712e-011
6.968696882748711e-002	6.968697e-002	6.968694e-002	2.602511e-011
7.275616525605853e-002	7.275616e-002	7.275614e-002	2.608587e-011
7.582536168462997e-002	7.582536e-002	7.582534e-002	2.614940e-011
7.889455811320140e-002	7.889455e-002	7.889453e-002	2.621571e-011
8.196375454177282e-002	8.196375e-002	8.196373e-002	2.628480e-011
8.503295097034425e-002	8.503295e-002	8.503293e-002	2.635667e-011
8.642804025605853e-002	8.642804e-002	8.642801e-002	2.639087e-011
8.782312954177282e-002	8.782313e-002	8.782310e-002	2.642608e-011
8.921821882748711e-002	8.921822e-002	8.921819e-002	2.646228e-011
9.061330811320140e-002	9.061330e-002	9.061328e-002	2.649948e-011
9.200839739891567e-002	9.200839e-002	9.200837e-002	2.653768e-011
9.340348668462996e-002	9.340348e-002	9.340346e-002	2.657688e-011
9.479857597034425e-002	9.479857e-002	9.479855e-002	2.661707e-011
9.675170097034425e-002	9.675170e-002	9.675168e-002	2.667555e-011
9.772826347034425e-002	9.772826e-002	9.772824e-002	2.670574e-011
9.870482597034425e-002	9.870482e-002	9.870480e-002	2.673656e-011
9.968138847034425e-002	9.968138e-002	9.968136e-002	2.676806e-011
1.006579509703443e-001	1.006579e-001	1.006579e-001	2.680026e-011
1.016345134703443e-001	1.016345e-001	1.016345e-001	2.683319e-011
1.026110759703443e-001	1.026111e-001	1.026111e-001	2.686688e-011
1.035876384703443e-001	1.035876e-001	1.035876e-001	2.690134e-011
1.055407634703443e-001	1.055408e-001	1.055407e-001	2.697272e-011
1.126557188274871e-001	1.126557e-001	1.126557e-001	2.718818e-011
1.197706741846300e-001	1.197707e-001	1.197706e-001	2.753353e-011
1.268856295417728e-001	1.268856e-001	1.268856e-001	2.800878e-011
1.340005848989157e-001	1.340006e-001	1.340006e-001	2.861393e-011
1.411155402560586e-001	1.411155e-001	1.411155e-001	2.934897e-011
1.482304956132014e-001	1.482305e-001	1.482305e-001	3.021391e-011
1.553454509703443e-001	1.553455e-001	1.553454e-001	3.120874e-011
1.598097366846300e-001	1.598097e-001	1.598097e-001	3.195773e-011
1.642740223989157e-001	1.642740e-001	1.642740e-001	3.293578e-011
1.687383081132014e-001	1.687383e-001	1.687383e-001	3.414289e-011
1.732025938274871e-001	1.732026e-001	1.732026e-001	3.557906e-011
1.776668795417728e-001	1.776669e-001	1.776668e-001	3.724430e-011
1.821311652560586e-001	1.821312e-001	1.821311e-001	3.913860e-011
1.865954509703443e-001	1.865955e-001	1.865954e-001	4.126196e-011
1.898041563274871e-001	1.898042e-001	1.898041e-001	4.303452e-011
1.930128616846300e-001	1.930129e-001	1.930128e-001	4.511212e-011
1.962215670417728e-001	1.962216e-001	1.962215e-001	4.749475e-011
1.994302723989157e-001	1.994303e-001	1.994302e-001	5.018242e-011
2.026389777560586e-001	2.026390e-001	2.026389e-001	5.317512e-011
2.058476831132014e-001	2.058477e-001	2.058476e-001	5.647286e-011
2.090563884703443e-001	2.090564e-001	2.090563e-001	6.007563e-011
2.110095134703443e-001	2.110095e-001	2.110095e-001	6.268175e-011
2.129626384703443e-001	2.129626e-001	2.129626e-001	6.525208e-011
2.149157634703443e-001	2.149158e-001	2.149157e-001	6.778662e-011
2.168688884703443e-001	2.168689e-001	2.168688e-001	7.028536e-011
2.188220134703443e-001	2.188220e-001	2.188219e-001	7.274831e-011
2.207751384703443e-001	2.207751e-001	2.207751e-001	7.517546e-011
2.227282634703443e-001	2.227283e-001	2.227282e-001	7.756683e-011
2.235653170417728e-001	2.235653e-001	2.235652e-001	7.833446e-011
2.244023706132014e-001	2.244024e-001	2.244023e-001	7.887807e-011
2.252394241846300e-001	2.252394e-001	2.252393e-001	7.919767e-011
2.260764777560585e-001	2.260765e-001	2.260764e-001	7.929326e-011
2.269135313274871e-001	2.269135e-001	2.269134e-001	7.916483e-011
2.277505848989157e-001	2.277506e-001	2.277505e-001	7.881239e-011
2.285876384703443e-001	2.285876e-001	2.285876e-001	7.823594e-011
2.295642009703443e-001	2.295642e-001	2.295641e-001	7.717760e-011
2.305407634703443e-001	2.305408e-001	2.305407e-001	7.581303e-011
2.315173259703443e-001	2.315173e-001	2.315173e-001	7.422318e-011
2.324938884703443e-001	2.324939e-001	2.324938e-001	7.251728e-011
2.334704509703443e-001	2.334705e-001	2.334704e-001	7.081885e-011
2.344470134703443e-001	2.344470e-001	2.344469e-001	6.924799e-011
2.354235759703443e-001	2.354236e-001	2.354235e-001	6.790471e-011
2.364001384703443e-001	2.364001e-001	2.364001e-001	6.685796e-011
2.373767009703443e-001	2.373767e-001	2.373766e-001	6.614232e-011
2.383532634703443e-001	2.383533e-001	2.383532e-001	6.576158e-011
2.393298259703443e-001	2.393298e-001	2.393298e-001	6.569655e-011
2.403063884703443e-001	2.403064e-001	2.403063e-001	6.591407e-011
2.412829509703443e-001	2.412830e-001	2.412829e-001	6.637506e-011
2.432360759703443e-001	2.432361e-001	2.432360e-001	6.787478e-011
2.461657634703443e-001	2.461658e-001	2.461657e-001	7.112318e-011
2.496534866846300e-001	2.496535e-001	2.496534e-001	7.573667e-011
2.531412098989157e-001	2.531412e-001	2.531411e-001	8.140716e-011
2.566289331132014e-001	2.566289e-001	2.566288e-001	8.813463e-011
2.601166563274871e-001	2.601166e-001	2.601166e-001	9.591910e-011
2.636043795417729e-001	2.636044e-001	2.636043e-001	1.047605e-010
2.670921027560586e-001	2.670921e-001	2.670920e-001	1.146590e-010
2.705798259703443e-001	2.705798e-001	2.705797e-001	1.256144e-010
2.790898706132014e-001	2.790899e-001	2.790897e-001	1.367854e-010
2.875999152560586e-001	2.875999e-001	2.875997e-001	1.824893e-010
2.961099598989157e-001	2.961099e-001	2.961097e-001	2.627260e-010
3.046200045417729e-001	3.046200e-001	3.046196e-001	3.774957e-010
3.131300491846299e-001	3.131300e-001	3.131295e-001	5.267982e-010
3.216400938274872e-001	3.216401e-001	3.216394e-001	7.106336e-010
3.301501384703443e-001	3.301501e-001	3.301492e-001	9.290019e-010
3.408923259703443e-001	3.408923e-001	3.408916e-001	7.333418e-010
3.516345134703443e-001	3.516345e-001	3.516332e-001	1.336614e-009
3.623767009703443e-001	3.623767e-001	3.623740e-001	2.738819e-009
3.731188884703443e-001	3.731189e-001	3.731140e-001	4.939957e-009
3.838610759703443e-001	3.838611e-001	3.838531e-001	7.940027e-009
3.946032634703443e-001	3.946033e-001	3.945915e-001	1.173903e-008
4.053454509703443e-001	4.053454e-001	4.053291e-001	1.633697e-008
4.109258081132014e-001	4.109258e-001	4.109064e-001	1.944492e-008
4.165061652560586e-001	4.165062e-001	4.164819e-001	2.424642e-008
4.220865223989157e-001	4.220865e-001	4.220558e-001	3.074147e-008
4.276668795417729e-001	4.276669e-001	4.276280e-001	3.893007e-008
4.332472366846299e-001	4.332472e-001	4.331984e-001	4.881222e-008
4.388275938274871e-001	4.388276e-001	4.387672e-001	6.038792e-008
4.444079509703443e-001	4.444079e-001	4.443343e-001	7.365716e-008
4.483142009703443e-001	4.483142e-001	4.482296e-001	8.462950e-008
4.522204509703443e-001	4.522204e-001	4.521220e-001	9.847392e-008
4.561267009703443e-001	4.561267e-001	4.560115e-001	1.151904e-007
4.600329509703443e-001	4.600329e-001	4.598982e-001	1.347790e-007
4.639392009703443e-001	4.639392e-001	4.637820e-001	1.572396e-007
4.678454509703443e-001	4.678454e-001	4.676629e-001	1.825723e-007
4.717517009703443e-001	4.717517e-001	4.715409e-001	2.107771e-007
4.748208973989157e-001	4.748209e-001	4.745850e-001	2.359123e-007
4.778900938274871e-001	4.778901e-001	4.776247e-001	2.654212e-007
4.809592902560586e-001	4.809593e-001	4.806600e-001	2.993038e-007
4.840284866846299e-001	4.840285e-001	4.836909e-001	3.375601e-007
4.870976831132014e-001	4.870977e-001	4.867175e-001	3.801902e-007
4.901668795417729e-001	4.901669e-001	4.897397e-001	4.271939e-007
4.932360759703443e-001	4.932361e-001	4.927575e-001	4.785715e-007
4.960262545417728e-001	4.960262e-001	4.954960e-001	5.302278e-007
4.988164331132014e-001	4.988164e-001	4.982270e-001	5.893901e-007
5.016066116846299e-001	5.016066e-001	5.009506e-001	6.560581e-007
5.043967902560586e-001	5.043968e-001	5.036666e-001	7.302321e-007
5.071869688274872e-001	5.071870e-001	5.063751e-001	8.119118e-007
5.099771473989156e-001	5.099771e-001	5.090761e-001	9.010974e-007
5.127673259703443e-001	5.127673e-001	5.117695e-001	9.977888e-007
5.152784866846299e-001	5.152785e-001	5.141853e-001	1.093215e-006
5.177896473989156e-001	5.177896e-001	5.165899e-001	1.199814e-006
5.203008081132013e-001	5.203008e-001	5.189832e-001	1.317584e-006
5.228119688274872e-001	5.228120e-001	5.213655e-001	1.446527e-006
5.253231295417729e-001	5.253231e-001	5.237365e-001	1.586643e-006
5.278342902560586e-001	5.278343e-001	5.260964e-001	1.737930e-006
5.303454509703443e-001	5.303454e-001	5.284451e-001	1.900390e-006
5.327171027560586e-001	5.327171e-001	5.306503e-001	2.066762e-006
5.350887545417729e-001	5.350887e-001	5.328395e-001	2.249299e-006
5.374604063274872e-001	5.374604e-001	5.350124e-001	2.448001e-006
5.398320581132013e-001	5.398320e-001	5.371692e-001	2.662868e-006
5.422037098989156e-001	5.422037e-001	5.393098e-001	2.893900e-006
5.445753616846299e-001	5.445754e-001	5.414343e-001	3.141098e-006
5.469470134703443e-001	5.469470e-001	5.435426e-001	3.404460e-006
5.498767009703443e-001	5.498767e-001	5.461166e-001	3.760112e-006
5.528063884703443e-001	5.528064e-001	5.486587e-001	4.147735e-006
5.557360759703443e-001	5.557361e-001	5.511668e-001	4.569262e-006
5.586657634703443e-001	5.586658e-001	5.536392e-001	5.026593e-006
5.615954509703443e-001	5.615954e-001	5.560739e-001	5.521571e-006
5.645251384703443e-001	5.645251e-001	5.584692e-001	6.055961e-006
5.674548259703443e-001	5.674548e-001	5.608234e-001	6.631422e-006
5.703845134703443e-001	5.703845e-001	5.631350e-001	7.249492e-006
5.733142009703443e-001	5.733142e-001	5.654026e-001	7.911560e-006
5.762438884703443e-001	5.762439e-001	5.676250e-001	8.618854e-006
5.791735759703443e-001	5.791736e-001	5.698012e-001	9.372425e-006
5.821032634703443e-001	5.821033e-001	5.719302e-001	1.017314e-005
5.850329509703443e-001	5.850329e-001	5.740113e-001	1.102166e-005
5.879626384703443e-001	5.879626e-001	5.760442e-001	1.191846e-005
5.908923259703443e-001	5.908923e-001	5.780285e-001	1.286381e-005
5.938220134703443e-001	5.938220e-001	5.799642e-001	1.385780e-005
5.967517009703443e-001	5.967517e-001	5.818514e-001	1.490033e-005
5.996813884703443e-001	5.996814e-001	5.836903e-001	1.599112e-005
6.026110759703443e-001	6.026111e-001	5.854813e-001	1.712974e-005
6.055407634703443e-001	6.055408e-001	5.872251e-001	1.831560e-005
6.084704509703443e-001	6.084704e-001	5.889224e-001	1.954801e-005
6.114001384703443e-001	6.114001e-001	5.905740e-001	2.082613e-005
6.143298259703443e-001	6.143298e-001	5.921808e-001	2.214904e-005
6.172595134703443e-001	6.172595e-001	5.937438e-001	2.351573e-005
6.201892009703443e-001	6.201892e-001	5.952641e-001	2.492515e-005
6.231188884703443e-001	6.231189e-001	5.967427e-001	2.637616e-005
6.260485759703443e-001	6.260486e-001	5.981810e-001	2.786761e-005
6.289782634703443e-001	6.289783e-001	5.995799e-001	2.939830e-005
6.319079509703443e-001	6.319079e-001	6.009409e-001	3.096703e-005
6.348376384703443e-001	6.348376e-001	6.022650e-001	3.257260e-005
6.374883081132013e-001	6.374883e-001	6.034302e-001	3.405812e-005
6.401389777560586e-001	6.401390e-001	6.045692e-001	3.556975e-005
6.427896473989156e-001	6.427896e-001	6.056822e-001	3.710749e-005
6.454403170417729e-001	6.454403e-001	6.067690e-001	3.867135e-005
6.480909866846299e-001	6.480910e-001	6.078297e-001	4.026132e-005
6.507416563274872e-001	6.507416e-001	6.088643e-001	4.187739e-005
6.533923259703443e-001	6.533923e-001	6.098728e-001	4.351958e-005
6.564615223989156e-001	6.564615e-001	6.110112e-001	4.545032e-005
6.595307188274872e-001	6.595307e-001	6.121225e-001	4.740824e-005
6.625999152560586e-001	6.625999e-001	6.132066e-001	4.939334e-005
6.656691116846299e-001	6.656691e-001	6.142635e-001	5.140562e-005
6.687383081132013e-001	6.687383e-001	6.152932e-001	5.344507e-005
6.718075045417729e-001	6.718075e-001	6.162958e-001	5.551171e-005
6.748767009703443e-001	6.748767e-001	6.172712e-001	5.760552e-005
6.794804956132013e-001	6.794805e-001	6.186878e-001	6.079272e-005
6.840842902560586e-001	6.840843e-001	6.200608e-001	6.402350e-005
6.886880848989156e-001	6.886881e-001	6.213903e-001	6.729783e-005
6.932918795417729e-001	6.932919e-001	6.226762e-001	7.061574e-005
6.978956741846299e-001	6.978957e-001	6.239185e-001	7.397720e-005
7.024994688274872e-001	7.024995e-001	6.251172e-001	7.738224e-005
7.071032634703443e-001	7.071033e-001	6.262724e-001	8.083083e-005
7.143577277560586e-001	7.143577e-001	6.280167e-001	8.634099e-005
7.216121920417729e-001	7.216122e-001	6.296942e-001	9.191803e-005
7.288666563274872e-001	7.288666e-001	6.313047e-001	9.756197e-005
7.361211206132015e-001	7.361211e-001	6.328483e-001	1.032728e-004
7.433755848989156e-001	7.433756e-001	6.343250e-001	1.090505e-004
7.506300491846299e-001	7.506300e-001	6.357349e-001	1.148952e-004
7.578845134703443e-001	7.578845e-001	6.370778e-001	1.208067e-004
7.684871920417729e-001	7.684872e-001	6.389494e-001	1.295378e-004
7.790898706132015e-001	7.790899e-001	6.407432e-001	1.383467e-004
7.896925491846299e-001	7.896925e-001	6.424591e-001	1.472334e-004
8.002952277560586e-001	8.002952e-001	6.440972e-001	1.561980e-004
8.108979063274872e-001	8.108979e-001	6.456575e-001	1.652405e-004
8.215005848989156e-001	8.215006e-001	6.471399e-001	1.743607e-004
8.321032634703443e-001	8.321033e-001	6.485444e-001	1.835588e-004
8.530296027560586e-001	8.530296e-001	6.511396e-001	2.018900e-004
8.739559420417729e-001	8.739559e-001	6.535981e-001	2.203579e-004
8.948822813274872e-001	8.948823e-001	6.559200e-001	2.389623e-004
9.158086206132015e-001	9.158086e-001	6.581053e-001	2.577033e-004
9.367349598989156e-001	9.367349e-001	6.601540e-001	2.765809e-004
9.576612991846301e-001	9.576613e-001	6.620661e-001	2.955952e-004
9.785876384703443e-001	9.785876e-001	6.638416e-001	3.147461e-004
9.795642009703443e-001	9.795642e-001	6.639242e-001	3.156401e-004
9.990954509703443e-001	9.990954e-001	6.655366e-001	3.335588e-004
1.000000000000000e+000	-1.#IND00e+000	-1.#IND00e+000	-1.#IND00e+000
